1 51.48 -1.40
2 34.62 32.97
3 36.93 -116.48
4 36.93 -116.48
5 15.70 -16.32
6 36.77 -116.70
7 34.45 -117.33
8 37.68 113.68
9 37.68 113.68
10 42.87 118.93
11 42.87 118.93
12 35.17 107.80
13 35.17 107.80
14 35.17 107.80
15 35.17 107.80
16 -27.22 23.20
17 -27.22 23.20
18 -27.22 23.20
19 -27.22 23.20
20 -27.22 23.20
21 52.60 0.88
22 50.90 -1.98
23 51.48 -1.40
24 50.90 -1.98
25 50.90 -1.98
26 -37.67 140.50
27 -37.67 140.50
28 -37.67 140.50
29 -37.67 140.50
30 -37.67 140.50
31 -37.67 140.50
32 -37.67 140.50
33 -37.67 140.50
34 -37.67 140.50
35 -37.67 140.50
36 50.90 -1.98
37 35.17 107.80
38 37.17 110.25
39 37.17 110.25
40 37.17 110.25
41 37.17 110.25
42 35.83 109.50
43 38.80 110.37
44 35.50 107.65
